[gd_scene load_steps=4 format=3 uid="uid://uavl1fvu88gi"]

[ext_resource type="PackedScene" uid="uid://w7nk7ineryue" path="res://race_track.tscn" id="1_0xm2m"]
[ext_resource type="Script" uid="uid://dc54x0t0onpx6" path="res://main.gd" id="1_h2yge"]

[sub_resource type="BoxShape3D" id="BoxShape3D_0xm2m"]
size = Vector3(836.563, 5.79452, 1.42675)

[node name="Main" type="Node"]
script = ExtResource("1_h2yge")

[node name="DirectionalLight3D" type="DirectionalLight3D" parent="."]
transform = Transform3D(0.891711, 1.9784e-08, -0.452606, 0.452606, -3.89779e-08, 0.891711, 0, -1, -4.37114e-08, 0, 13.4067, 0)

[node name="CameraPivot" type="Node3D" parent="."]
transform = Transform3D(0.707107, 0, -0.707107, 0, 1, 0, 0.707107, 0, 0.707107, 41, 39, 26)

[node name="Camera3D" type="Camera3D" parent="CameraPivot"]
transform = Transform3D(-4.37114e-08, -0.707107, 0.707106, 0, 0.707107, 0.707106, -1, 3.09086e-08, -3.09086e-08, 0, 0, 0)
fov = 61.2

[node name="RaceTrack" parent="." instance=ExtResource("1_0xm2m")]

[node name="FinishArea" type="Area3D" parent="." groups=["finish_line"]]

[node name="CollisionShape3D" type="CollisionShape3D" parent="FinishArea" groups=["finish_line"]]
transform = Transform3D(1, 0, 0, 0, 1, 0, 0, 0, 1, -163.289, 4.31507, -17.6365)
shape = SubResource("BoxShape3D_0xm2m")

[node name="UI" type="Control" parent="."]
layout_mode = 3
anchors_preset = 0
offset_right = 1273.0
offset_bottom = 1281.0

[node name="WinnerLabel" type="Label" parent="UI"]
layout_mode = 1
anchors_preset = 8
anchor_left = 0.5
anchor_top = 0.5
anchor_right = 0.5
anchor_bottom = 0.5
offset_left = -420.5
offset_top = -409.5
offset_right = -260.5
offset_bottom = -377.5
grow_horizontal = 2
grow_vertical = 2
scale = Vector2(5, 5)
text = "WINNER: PLAYER 1"

[connection signal="body_entered" from="FinishArea" to="." method="_on_finish_area_body_entered"]
